1, 126.931
3, 126.931
1, 127.118
1, 127.303
0, 127.487
1, 127.67, 0.5
3, 127.67, 0.5

3, 128.419
2, 128.702
1, 128.99
0, 129.177
1, 129.479
0, 129.719

1, 129.914
3, 129.914
1, 130.097
1, 130.29
0, 130.488
1, 130.681, 0.5
3, 130.681, 0.5

2, 131.42
1, 131.713
0, 132.005
3, 132.179
2, 132.48
1, 132.74

1, 132.937
3, 132.937
1, 133.165
1, 133.306
0, 133.499
1, 133.686, 0.5
3, 133.686, 0.5

3, 134.413
2, 134.715
1, 134.987
0, 135.17
1, 135.463
2, 135.721

1, 135.919
3, 135.919
1, 136.114
1, 136.307
0, 136.49
1, 136.673, 0.5
3, 136.673, 0.5

3, 137.436
2, 137.718
1, 137.988
3, 138.185
2, 138.572
0, 138.944, 10
1, 138.944, 10