0, 0.85,
1, 1.035,
2, 1.22,
0, 1.405,
1, 1.59,
2, 1.775,
0, 1.96,
1, 2.145,
2, 2.33,
0, 2.515,
1, 2.7,
2, 2.885,
0, 3.07,
1, 3.255,
2, 3.44,
3, 3.625,
0, 3.81,
1, 3.995,
2, 4.18,
0, 4.365,
1, 4.55,
2, 4.735,
0, 4.92,
1, 5.105,
2, 5.29,
0, 5.475,
1, 5.66,
2, 5.845,
0, 6.03,
1, 6.215,
3, 6.4,
2, 6.585,
0, 6.77,
1, 6.955,
2, 7.14,
0, 7.325,
1, 7.51,
2, 7.695,
0, 7.88,
1, 8.065,
2, 8.25,
0, 8.435,
1, 8.62,
2, 8.805,
0, 8.99,
1, 9.175,
3, 9.36,
2, 9.545,
0, 9.73,
1, 9.915,
2, 10.1,
0, 10.285,
1, 10.47,
2, 10.655,
0, 10.84,
1, 11.025,
2, 11.21,
0, 11.395,
1, 11.58,
2, 11.765,
0, 11.95,
1, 12.135,
2, 12.32,
3, 12.505,
0, 12.69,
1, 12.875,
2, 13.06,
0, 13.245,
1, 13.43,
2, 13.615,
0, 13.8,
1, 13.985,
2, 14.17,
0, 14.355,
1, 14.54,
2, 14.725,
0, 14.91,
1, 15.095,
2, 15.28,
3, 15.465,
0, 15.65,
1, 15.835,
2, 16.02,
0, 16.205,
1, 16.39,
2, 16.575,
0, 16.76,
1, 16.945,
2, 17.13,
0, 17.315,
1, 17.5,
2, 17.685,
0, 17.87,
1, 18.055,
3, 18.24,
2, 18.425,
0, 18.61,
1, 18.795,
2, 18.98,
0, 19.165,
1, 19.35,
2, 19.535,
0, 19.72,
1, 19.905,
2, 20.09,
0, 20.275,
1, 20.46,
2, 20.645,
0, 20.83,
1, 21.015,
3, 21.2,
2, 21.385,
0, 21.57,
1, 21.755,
2, 21.94,
0, 22.125,
1, 22.31,
2, 22.495,
0, 22.68,
1, 22.865,
2, 23.05,

2, 23.605,

2, 24.16,
3, 24.345
0, 24.53
1, 24.715
2, 24.9
0, 25.085
1, 25.27
2, 25.455
0, 25.64
1, 25.825
2, 26.01
0, 26.195
1, 26.38
2, 26.565
0, 26.75
1, 26.935
2, 27.12
3, 27.305
0, 27.49
1, 27.675
2, 27.86
0, 28.045
1, 28.23
2, 28.415
0, 28.6
1, 28.785
2, 28.97
0, 29.155
1, 29.34
2, 29.525
0, 29.71
1, 29.895
3, 30.08
2, 30.265
0, 30.45
1, 30.635
2, 30.82
0, 31.005
1, 31.19
2, 31.375
0, 31.56
1, 31.745
2, 31.93
0, 32.115
1, 32.3
2, 32.485
0, 32.67
1, 32.855
3, 33.04
2, 33.225
0, 33.41
1, 33.595
2, 33.78
0, 33.965
1, 34.15
2, 34.335
0, 34.52
1, 34.705
2, 34.89
0, 35.075
1, 35.26
2, 35.445
0, 35.63
1, 35.815
2, 36
3, 36.185
0, 36.37
1, 36.555
2, 36.74
0, 36.925
1, 37.11
2, 37.295
0, 37.48
1, 37.665
2, 37.85
0, 38.035
1, 38.22
2, 38.405
0, 38.59
1, 38.775
2, 38.96
3, 39.145
0, 39.33
1, 39.515
2, 39.7
0, 39.885
1, 40.07
2, 40.255
0, 40.44
1, 40.625
2, 40.81
0, 40.995
1, 41.18
2, 41.365
0, 41.55
1, 41.735
3, 41.92
2, 42.105
0, 42.29
1, 42.475
2, 42.66
0, 42.845
1, 43.03
2, 43.215
0, 43.4
1, 43.585
2, 43.77
0, 43.955
1, 44.14
2, 44.325
0, 44.51
1, 44.695
3, 44.88
2, 45.065
0, 45.25
1, 45.435
2, 45.62
0, 45.805
1, 45.99
2, 46.175
0, 46.36
1, 46.545
2, 46.73
0, 46.915
1, 47.1
2, 47.285
0, 47.47
1, 47.655
2, 47.84
3, 48.025
0, 48.21, 1.3

0, 49.505
1, 49.5975
2, 49.69, 0.5

1, 50.245, 0.5

0, 50.8, 0.3

1, 51.17, 1.3

1, 52.465
2, 52.5575
3, 52.65, 0.5

2, 53.205, 0.5

1, 53.76, 0.3

3, 54.13, 0.5

2, 54.685, 0.5

1, 55.24, 1.3

0, 56.72, 0.3

1, 57.09, 2.3

0, 60.05, 1.3

0, 61.345
1, 61.4375
2, 61.53, 0.5

1, 62.085, 0.5

0, 62.64, 0.3

1, 63.01, 1.3

1, 64.305
2, 64.3975
3, 64.49, 0.5

2, 65.045, 0.5

1, 65.6, 0.3

3, 65.97, 0.5

2, 66.525, 0.5

1, 67.08, 1.3

0, 68.56, 0.3

1, 68.93, 2.3

0, 71.83
1, 72.015
2, 72.2
0, 72.385
1, 72.57
2, 72.755
0, 72.94
1, 73.125
2, 73.31
0, 73.495
1, 73.68
2, 73.865
0, 74.05
1, 74.235
2, 74.42
3, 74.605
0, 74.79
1, 74.975
2, 75.16
0, 75.345
1, 75.53
2, 75.715
0, 75.9
1, 76.085
2, 76.27
0, 76.455
1, 76.64
2, 76.825
0, 77.01
1, 77.195
3, 77.38
2, 77.565
0, 77.75
1, 77.935
2, 78.12
0, 78.305
1, 78.49
2, 78.675
0, 78.86
1, 79.045
2, 79.23
0, 79.415
1, 79.6
2, 79.785
0, 79.97
1, 80.155
3, 80.34
2, 80.525
0, 80.71
1, 80.895
2, 81.08
0, 81.265
1, 81.45
2, 81.635
0, 81.82
1, 82.005
2, 82.19
0, 82.375
1, 82.56
2, 82.745
0, 82.93
1, 83.115
2, 83.3
3, 83.485

3, 83.655

2, 85.149
1, 85.662
2, 86.246
3, 86.624

2, 87.905
3, 87.999
2, 88.098
2, 88.273
1, 88.446
0, 88.649

2, 89.018
3, 89.408
2, 89.592
1, 90.129
0, 90.689

2, 91.588
3, 91.773
2, 91.971
1, 92.347
0, 92.433
1, 92.532

0, 93.996
1, 94.181
2, 94.354
3, 94.537
0, 94.732
1, 94.938
2, 95.113
3, 95.306
3, 95.489

2, 96.979,
1, 97.526,
2, 98.072,
3, 98.416,

2, 99.72,
3, 99.825,
2, 99.933,
2, 100.117,
1, 100.29,
0, 100.487,

2, 100.875,
3, 101.234,
2, 101.407,
1, 101.959,
0, 102.504,

2, 103.442,
3, 103.617,
2, 103.79,
1, 104.149,
0, 104.247,
1, 104.346

1, 105.665
2, 105.835
1, 106.223
2, 106.39
1, 106.772
2, 106.956
3, 107.129

0, 107.32
1, 107.493
2, 107.658
0, 107.831
1, 108.024
2, 108.199
0, 108.407
1, 108.586
2, 108.783
0, 108.948
1, 109.131
2, 109.306
0, 109.51
1, 109.683
2, 109.886
3, 110.069
0, 110.268
1, 110.442
2, 110.635
0, 110.81
1, 110.993
2, 111.177
0, 111.356
1, 111.535
2, 111.732
0, 111.917
1, 112.11
2, 112.284
0, 112.477
1, 112.656
3, 112.849
2, 113.032
0, 113.226
1, 113.401
2, 113.584
0, 113.759
1, 113.942
2, 114.139
0, 114.333
1, 114.508
2, 114.691
0, 114.866
1, 115.059
2, 115.242
0, 115.436
1, 115.611
3, 115.798
2, 115.977
0, 116.166
1, 116.34
2, 116.533
0, 116.718
1, 116.901
2, 117.084
0, 117.278
1, 117.453
2, 117.636
0, 117.823
1, 118.008
2, 118.201
0, 118.385
1, 118.564
2, 118.753
3, 118.936
0, 119.123
1, 119.308
2, 119.482
0, 119.675
1, 119.86
2, 120.043
0, 120.231
1, 120.406
2, 120.589
0, 120.772
1, 120.957
2, 121.14
0, 121.334
1, 121.518
2, 121.716
3, 121.899
0, 122.072
1, 122.257
2, 122.441
0, 122.634
1, 122.809
2, 122.992
0, 123.175
1, 123.36
2, 123.558
0, 123.741
1, 123.934
2, 124.117
0, 124.316
1, 124.486
3, 124.673
2, 124.848
0, 125.031
1, 125.215
2, 125.399
0, 125.583
1, 125.766
2, 125.941
0, 126.144
1, 126.318
2, 126.507
0, 126.7
1, 126.883
2, 127.058
0, 127.255
1, 127.449
3, 127.622
2, 127.803
0, 127.99
1, 128.169
2, 128.358
0, 128.532
1, 128.725
2, 128.918
0, 129.116
1, 129.29
2, 129.484
0, 129.667
1, 129.832
2, 130.015
0, 130.2
1, 130.393
2, 130.581
3, 130.764